{
 "cells": [
  {
   "cell_type": "markdown",
   "metadata": {},
   "source": [
    "# Boundary Element Method"
   ]
  },
  {
   "cell_type": "code",
   "execution_count": 1,
   "metadata": {},
   "outputs": [],
   "source": [
    "import numpy as np\n",
    "import sympy as sp\n",
    "import math as mt\n",
    "import scipy.integrate as integrate\n",
    "from tabulate import tabulate"
   ]
  },
  {
   "cell_type": "markdown",
   "metadata": {},
   "source": [
    "<b>Boundaries</b>"
   ]
  },
  {
   "cell_type": "code",
   "execution_count": 38,
   "metadata": {},
   "outputs": [],
   "source": [
    "def x11(t: float):\n",
    "    return sp.cos(t)\n",
    "\n",
    "def x12(t: float):\n",
    "    return sp.sin(t)\n",
    "\n",
    "def x21(t: float):\n",
    "    return sp.cos(t) / 2\n",
    "\n",
    "def x22(t: float):\n",
    "    return sp.sin(t) / 2"
   ]
  },
  {
   "cell_type": "markdown",
   "metadata": {},
   "source": [
    "<b>Derivatives</b>"
   ]
  },
  {
   "cell_type": "code",
   "execution_count": 3,
   "metadata": {},
   "outputs": [],
   "source": [
    "t = sp.Symbol('t')\n",
    "j = sp.Symbol('j')"
   ]
  },
  {
   "cell_type": "code",
   "execution_count": 4,
   "metadata": {},
   "outputs": [],
   "source": [
    "def evalf_d(expr, tau: float, j: int):\n",
    "    xj = expr.evalf(subs = {t: j * h})\n",
    "    return xj + tau * (expr.evalf(subs = {t: (j + 1) * h}) - xj) "
   ]
  },
  {
   "cell_type": "code",
   "execution_count": 5,
   "metadata": {},
   "outputs": [],
   "source": [
    "def d_xj(x, tau: float, j: int):\n",
    "    expr = sp.diff(x(t))\n",
    "    return evalf_d(expr, tau, j)"
   ]
  },
  {
   "cell_type": "code",
   "execution_count": 6,
   "metadata": {},
   "outputs": [],
   "source": [
    "def d2_xj(x, tau: float, j: int):\n",
    "    expr = sp.diff(sp.diff(x(t)))\n",
    "    return evalf_d(expr, tau, j)"
   ]
  },
  {
   "cell_type": "code",
   "execution_count": 7,
   "metadata": {},
   "outputs": [],
   "source": [
    "def d_x1(t: float, j: int):\n",
    "    return [d_xj(x11, t, j), d_xj(x12, t, j)]\n",
    "\n",
    "def d_x2(t: float, j: int):\n",
    "    return [d_xj(x21, t, j), d_xj(x22, t, j)]"
   ]
  },
  {
   "cell_type": "markdown",
   "metadata": {},
   "source": [
    "<b>Integrals</b>"
   ]
  },
  {
   "cell_type": "code",
   "execution_count": 19,
   "metadata": {},
   "outputs": [],
   "source": [
    "def quad(K):\n",
    "    return integrate.quad(K, 0, 1)[0] / (2 * np.pi)"
   ]
  },
  {
   "cell_type": "markdown",
   "metadata": {},
   "source": [
    "<b>Normals</b>"
   ]
  },
  {
   "cell_type": "code",
   "execution_count": 9,
   "metadata": {},
   "outputs": [],
   "source": [
    "def v1(t: float, j: int):\n",
    "    z = sp.sqrt(np.dot(x1(t, j), x1(t, j)))\n",
    "    return [xj(x12, t, j) / z, - xj(x11, t, j) / z]\n",
    "\n",
    "def v2(t: float, j: int):\n",
    "    z = sp.sqrt(np.dot(x2(t, j), x2(t, j)))\n",
    "    return [xj(x22, t, j) / z, - xj(x21, t, j) / z]"
   ]
  },
  {
   "cell_type": "markdown",
   "metadata": {},
   "source": [
    "<b>Elements Count</b>"
   ]
  },
  {
   "cell_type": "code",
   "execution_count": 86,
   "metadata": {},
   "outputs": [],
   "source": [
    "N = 8 # count\n",
    "h = 1 / N # step"
   ]
  },
  {
   "cell_type": "markdown",
   "metadata": {},
   "source": [
    "<b>Aproximation with Linear Function</b>"
   ]
  },
  {
   "cell_type": "code",
   "execution_count": 11,
   "metadata": {},
   "outputs": [],
   "source": [
    "def xj(x, t: float, j: int):\n",
    "    xj = x(j * h) + t * (x((j + 1) * h) - x(j * h))\n",
    "    return xj\n",
    "\n",
    "def x1(t: float, j: int):\n",
    "    return [xj(x11, t, j), xj(x12, t, j)]\n",
    "\n",
    "def x2(t: float, j: int):\n",
    "    return [xj(x21, t, j), xj(x22, t, j)]"
   ]
  },
  {
   "cell_type": "markdown",
   "metadata": {},
   "source": [
    "<b>Kernels</b>"
   ]
  },
  {
   "cell_type": "code",
   "execution_count": 111,
   "metadata": {},
   "outputs": [],
   "source": [
    "def K11(t: float, tau: float, j: int, k: int):\n",
    "    if t != tau:\n",
    "        sub = np.subtract(x1(t, k), x1(tau, j))\n",
    "        return ((xj(x11, t, k) - xj(x11, tau, j)) * d_xj(x12, tau, j) - (xj(x12, t, k) - xj(x12, tau, j)) * d_xj(x11, tau, j)) / np.dot(sub, sub)\n",
    "    else:\n",
    "        return (d_xj(x11, t, k) * d2_xj(x12, t, k) - d_xj(x12, t, k) * d2_xj(x11, t, k)) / (2 * np.dot(d_x1(t, k), d_x1(t, k)))\n",
    "    \n",
    "def K12(t: float, tau: float, j: int, k: int):\n",
    "    sub = np.subtract(x1(t, k), x2(tau, j))\n",
    "    return mt.log(1 / mt.sqrt(np.dot(sub, sub))) * mt.sqrt(np.dot(d_x1(tau, j), d_x1(tau, j)))\n",
    "\n",
    "def K21(t: float, tau: float, j: int, k: int):\n",
    "    sub = np.subtract(x2(t, k), x1(tau, j))\n",
    "    return (np.dot(v2(t, k), v1(tau, j)) / np.dot(sub, sub) - 2 * np.dot(sub, v2(t, k)) * np.dot(sub, v1(tau, j)) / np.dot(sub,sub) ** 2) * mt.sqrt(np.dot(d_x2(tau, j), d_x2(tau, j)))\n",
    "\n",
    "def K22(t: float, tau: float, j: int, k: int):\n",
    "    if t != tau:\n",
    "        sub = np.subtract(x2(t, k), x2(tau, j))\n",
    "        return ((xj(x21, t, k) - xj(x21, tau, j)) * d_xj(x22, t, k) - (xj(x22, t, k) - xj(x22, tau, j)) * d_xj(x21, t, k)) / np.dot(sub, sub)\n",
    "    else:\n",
    "        return - (d_xj(x21, t, k) * d2_xj(x22, t, k) - d_xj(x22, t, k) * d2_xj(x21, t, k)) / (2 * np.dot(d_x2(t, k), d_x2(t, k)))"
   ]
  },
  {
   "cell_type": "code",
   "execution_count": 114,
   "metadata": {},
   "outputs": [],
   "source": [
    "def matrix_A():\n",
    "    matrix = np.zeros((2 * N, 2 * N))\n",
    "    \n",
    "    for k in range(0, N):\n",
    "        \n",
    "        print(\"Перший квадрат\")\n",
    "        for j in range(0, N):\n",
    "            matrix[k][j] = quad(lambda tau: K11(1 / 2, tau, j, k))\n",
    "            if k == j:\n",
    "                matrix[k][j] -= 1 / 2\n",
    "        \n",
    "        j = 0\n",
    "        print(\"Другий  квадрат\")\n",
    "        for i in range(N, 2 * N):\n",
    "            matrix[k][i] = quad(lambda tau: K12(1 / 2, tau, j, k))\n",
    "            j += 1\n",
    "\n",
    "    k = 0\n",
    "    for q in range(N, 2 * N):\n",
    "        \n",
    "        print(\"Третій квадрат\")\n",
    "        for j in range(0, N):\n",
    "            matrix[q][j] = quad(lambda tau: K21(1 / 2, tau, j, k))\n",
    "            \n",
    "        print(\"Четвертий квадрат\")\n",
    "        j = 0\n",
    "        for i in range(N, 2 * N):\n",
    "            matrix[q][i] = quad(lambda tau: K22(1 / 2, tau, j, k))\n",
    "            if q == i:\n",
    "                matrix[q][i] -= 1 / 2 \n",
    "            j += 1\n",
    "        k += 1\n",
    "            \n",
    "    print(matrix)\n",
    "    return matrix"
   ]
  },
  {
   "cell_type": "code",
   "execution_count": 85,
   "metadata": {},
   "outputs": [],
   "source": [
    "def vector_b():\n",
    "    vec_b = np.zeros((2 * N, 1))\n",
    "    \n",
    "    for i in range(0, N):\n",
    "        vec_b[i][0] = 1\n",
    "        \n",
    "    for i in range(N, 2 * N):\n",
    "        vec_b[i][0] = 0\n",
    "        \n",
    "    print(vec_b)\n",
    "    return vec_b"
   ]
  },
  {
   "cell_type": "code",
   "execution_count": 109,
   "metadata": {},
   "outputs": [],
   "source": [
    "def solve_system(A, b):\n",
    "    m = np.linalg.solve(A, b)\n",
    "    print(m)\n",
    "    \n",
    "    u = 0\n",
    "\n",
    "    for i in range(0, len(m)):\n",
    "        u += m[i][0]\n",
    "\n",
    "    return u"
   ]
  },
  {
   "cell_type": "code",
   "execution_count": 115,
   "metadata": {
    "scrolled": false
   },
   "outputs": [
    {
     "name": "stdout",
     "output_type": "stream",
     "text": [
      "Перший квадрат\n",
      "Другий  квадрат\n",
      "Перший квадрат\n",
      "Другий  квадрат\n",
      "Перший квадрат\n",
      "Другий  квадрат\n",
      "Перший квадрат\n",
      "Другий  квадрат\n",
      "Перший квадрат\n",
      "Другий  квадрат\n",
      "Перший квадрат\n",
      "Другий  квадрат\n",
      "Перший квадрат\n",
      "Другий  квадрат\n",
      "Перший квадрат\n",
      "Другий  квадрат\n",
      "Третій квадрат\n",
      "Четвертий квадрат\n",
      "Третій квадрат\n",
      "Четвертий квадрат\n",
      "Третій квадрат\n",
      "Четвертий квадрат\n",
      "Третій квадрат\n",
      "Четвертий квадрат\n",
      "Третій квадрат\n",
      "Четвертий квадрат\n",
      "Третій квадрат\n",
      "Четвертий квадрат\n",
      "Третій квадрат\n",
      "Четвертий квадрат\n",
      "Третій квадрат\n",
      "Четвертий квадрат\n",
      "[[-0.65915494 -0.09043163 -0.08144812 -0.08036223 -0.08001319 -0.07985677\n",
      "  -0.07977317 -0.07972324  0.1103812   0.10795401  0.10111796  0.09097903\n",
      "   0.07882648  0.06576439  0.05257898  0.03976414]\n",
      " [-0.09043163 -0.65915494 -0.09043163 -0.08144812 -0.08036223 -0.08001319\n",
      "  -0.07985677 -0.07977317  0.10795401  0.1103812   0.10795401  0.10111796\n",
      "   0.09097903  0.07882648  0.06576439  0.05257898]\n",
      " [-0.08144812 -0.09043163 -0.65915494 -0.09043163 -0.08144812 -0.08036223\n",
      "  -0.08001319 -0.07985677  0.10111796  0.10795401  0.1103812   0.10795401\n",
      "   0.10111796  0.09097903  0.07882648  0.06576439]\n",
      " [-0.08036223 -0.08144812 -0.09043163 -0.65915494 -0.09043163 -0.08144812\n",
      "  -0.08036223 -0.08001319  0.09097903  0.10111796  0.10795401  0.1103812\n",
      "   0.10795401  0.10111796  0.09097903  0.07882648]\n",
      " [-0.08001319 -0.08036223 -0.08144812 -0.09043163 -0.65915494 -0.09043163\n",
      "  -0.08144812 -0.08036223  0.07882648  0.09097903  0.10111796  0.10795401\n",
      "   0.1103812   0.10795401  0.10111796  0.09097903]\n",
      " [-0.07985677 -0.08001319 -0.08036223 -0.08144812 -0.09043163 -0.65915494\n",
      "  -0.09043163 -0.08144812  0.06576439  0.07882648  0.09097903  0.10111796\n",
      "   0.10795401  0.1103812   0.10795401  0.10111796]\n",
      " [-0.07977317 -0.07985677 -0.08001319 -0.08036223 -0.08144812 -0.09043163\n",
      "  -0.65915494 -0.09043163  0.05257898  0.06576439  0.07882648  0.09097903\n",
      "   0.10111796  0.10795401  0.1103812   0.10795401]\n",
      " [-0.07972324 -0.07977317 -0.07985677 -0.08001319 -0.08036223 -0.08144812\n",
      "  -0.09043163 -0.65915494  0.03976414  0.05257898  0.06576439  0.07882648\n",
      "   0.09097903  0.10111796  0.10795401  0.1103812 ]\n",
      " [ 0.31564799  0.28581308  0.21240782  0.12802305  0.0567745   0.00661837\n",
      "  -0.02462508 -0.04223344 -0.5         0.06872332  0.07770683  0.07879272\n",
      "   0.07914176  0.07929817  0.07938178  0.0794317 ]\n",
      " [ 0.28581308  0.31564799  0.28581308  0.21240782  0.12802305  0.0567745\n",
      "   0.00661837 -0.02462508  0.06872332 -0.5         0.06872332  0.07770683\n",
      "   0.07879272  0.07914176  0.07929817  0.07938178]\n",
      " [ 0.21240782  0.28581308  0.31564799  0.28581308  0.21240782  0.12802305\n",
      "   0.0567745   0.00661837  0.07770683  0.06872332 -0.5         0.06872332\n",
      "   0.07770683  0.07879272  0.07914176  0.07929817]\n",
      " [ 0.12802305  0.21240782  0.28581308  0.31564799  0.28581308  0.21240782\n",
      "   0.12802305  0.0567745   0.07879272  0.07770683  0.06872332 -0.5\n",
      "   0.06872332  0.07770683  0.07879272  0.07914176]\n",
      " [ 0.0567745   0.12802305  0.21240782  0.28581308  0.31564799  0.28581308\n",
      "   0.21240782  0.12802305  0.07914176  0.07879272  0.07770683  0.06872332\n",
      "  -0.5         0.06872332  0.07770683  0.07879272]\n",
      " [ 0.00661837  0.0567745   0.12802305  0.21240782  0.28581308  0.31564799\n",
      "   0.28581308  0.21240782  0.07929817  0.07914176  0.07879272  0.07770683\n",
      "   0.06872332 -0.5         0.06872332  0.07770683]\n",
      " [-0.02462508  0.00661837  0.0567745   0.12802305  0.21240782  0.28581308\n",
      "   0.31564799  0.28581308  0.07938178  0.07929817  0.07914176  0.07879272\n",
      "   0.07770683  0.06872332 -0.5         0.06872332]\n",
      " [-0.04223344 -0.02462508  0.00661837  0.0567745   0.12802305  0.21240782\n",
      "   0.28581308  0.31564799  0.0794317   0.07938178  0.07929817  0.07914176\n",
      "   0.07879272  0.07770683  0.06872332 -0.5       ]]\n"
     ]
    }
   ],
   "source": [
    "A = matrix_A()"
   ]
  },
  {
   "cell_type": "code",
   "execution_count": 88,
   "metadata": {},
   "outputs": [
    {
     "name": "stdout",
     "output_type": "stream",
     "text": [
      "-----------  -----------  -----------  ----------  ----------  -----------  -----------  -----------  ----------  ----------  ----------  ----------  ----------  ----------  ----------  ----------\n",
      "-0.659155    -0.0904316   -0.0814481   -0.0803622  -0.0800132  -0.0798568   -0.0797732   -0.0797232    0.110381    0.107954    0.101118    0.090979    0.0788265   0.0657644   0.052579    0.0397641\n",
      "-0.0904316   -0.659155    -0.0904316   -0.0814481  -0.0803622  -0.0800132   -0.0798568   -0.0797732    0.107954    0.110381    0.107954    0.101118    0.090979    0.0788265   0.0657644   0.052579\n",
      "-0.0814481   -0.0904316   -0.659155    -0.0904316  -0.0814481  -0.0803622   -0.0800132   -0.0798568    0.101118    0.107954    0.110381    0.107954    0.101118    0.090979    0.0788265   0.0657644\n",
      "-0.0803622   -0.0814481   -0.0904316   -0.659155   -0.0904316  -0.0814481   -0.0803622   -0.0800132    0.090979    0.101118    0.107954    0.110381    0.107954    0.101118    0.090979    0.0788265\n",
      "-0.0800132   -0.0803622   -0.0814481   -0.0904316  -0.659155   -0.0904316   -0.0814481   -0.0803622    0.0788265   0.090979    0.101118    0.107954    0.110381    0.107954    0.101118    0.090979\n",
      "-0.0798568   -0.0800132   -0.0803622   -0.0814481  -0.0904316  -0.659155    -0.0904316   -0.0814481    0.0657644   0.0788265   0.090979    0.101118    0.107954    0.110381    0.107954    0.101118\n",
      "-0.0797732   -0.0798568   -0.0800132   -0.0803622  -0.0814481  -0.0904316   -0.659155    -0.0904316    0.052579    0.0657644   0.0788265   0.090979    0.101118    0.107954    0.110381    0.107954\n",
      "-0.0797232   -0.0797732   -0.0798568   -0.0800132  -0.0803622  -0.0814481   -0.0904316   -0.659155     0.0397641   0.052579    0.0657644   0.0788265   0.090979    0.101118    0.107954    0.110381\n",
      " 0.315648     0.285813     0.212408     0.128023    0.0567745   0.00661837  -0.0246251   -0.0422334   -0.5        -0.105996   -0.0848011  -0.081772   -0.0807623  -0.0803035  -0.0800566  -0.0799086\n",
      " 0.285813     0.315648     0.285813     0.212408    0.128023    0.0567745    0.00661837  -0.0246251   -0.105996   -0.5        -0.105996   -0.0848011  -0.081772   -0.0807623  -0.0803035  -0.0800566\n",
      " 0.212408     0.285813     0.315648     0.285813    0.212408    0.128023     0.0567745    0.00661837  -0.0848011  -0.105996   -0.5        -0.105996   -0.0848011  -0.081772   -0.0807623  -0.0803035\n",
      " 0.128023     0.212408     0.285813     0.315648    0.285813    0.212408     0.128023     0.0567745   -0.081772   -0.0848011  -0.105996   -0.5        -0.105996   -0.0848011  -0.081772   -0.0807623\n",
      " 0.0567745    0.128023     0.212408     0.285813    0.315648    0.285813     0.212408     0.128023    -0.0807623  -0.081772   -0.0848011  -0.105996   -0.5        -0.105996   -0.0848011  -0.081772\n",
      " 0.00661837   0.0567745    0.128023     0.212408    0.285813    0.315648     0.285813     0.212408    -0.0803035  -0.0807623  -0.081772   -0.0848011  -0.105996   -0.5        -0.105996   -0.0848011\n",
      "-0.0246251    0.00661837   0.0567745    0.128023    0.212408    0.285813     0.315648     0.285813    -0.0800566  -0.0803035  -0.0807623  -0.081772   -0.0848011  -0.105996   -0.5        -0.105996\n",
      "-0.0422334   -0.0246251    0.00661837   0.0567745   0.128023    0.212408     0.285813     0.315648    -0.0799086  -0.0800566  -0.0803035  -0.0807623  -0.081772   -0.0848011  -0.105996   -0.5\n",
      "-----------  -----------  -----------  ----------  ----------  -----------  -----------  -----------  ----------  ----------  ----------  ----------  ----------  ----------  ----------  ----------\n",
      "det = 8.51628953973779e-06\n"
     ]
    }
   ],
   "source": [
    "print(tabulate(A))\n",
    "print(\"det = \" + str(np.linalg.det(A)))"
   ]
  },
  {
   "cell_type": "code",
   "execution_count": 116,
   "metadata": {},
   "outputs": [
    {
     "name": "stdout",
     "output_type": "stream",
     "text": [
      "[[1.]\n",
      " [1.]\n",
      " [1.]\n",
      " [1.]\n",
      " [1.]\n",
      " [1.]\n",
      " [1.]\n",
      " [1.]\n",
      " [0.]\n",
      " [0.]\n",
      " [0.]\n",
      " [0.]\n",
      " [0.]\n",
      " [0.]\n",
      " [0.]\n",
      " [0.]]\n",
      "[[-0.23613935]\n",
      " [-0.08285729]\n",
      " [ 0.02172773]\n",
      " [ 0.07584152]\n",
      " [ 0.07584152]\n",
      " [ 0.02172773]\n",
      " [-0.08285729]\n",
      " [-0.23613935]\n",
      " [ 1.25420661]\n",
      " [ 1.25157782]\n",
      " [ 1.28624749]\n",
      " [ 1.3144578 ]\n",
      " [ 1.3144578 ]\n",
      " [ 1.28624749]\n",
      " [ 1.25157782]\n",
      " [ 1.25420661]]\n",
      "9.770124689862033\n"
     ]
    }
   ],
   "source": [
    "b = vector_b()\n",
    "print(solve_system(A, b))"
   ]
  },
  {
   "cell_type": "code",
   "execution_count": null,
   "metadata": {
    "scrolled": false
   },
   "outputs": [],
   "source": []
  },
  {
   "cell_type": "code",
   "execution_count": null,
   "metadata": {},
   "outputs": [],
   "source": []
  }
 ],
 "metadata": {
  "kernelspec": {
   "display_name": "Python 3",
   "language": "python",
   "name": "python3"
  },
  "language_info": {
   "codemirror_mode": {
    "name": "ipython",
    "version": 3
   },
   "file_extension": ".py",
   "mimetype": "text/x-python",
   "name": "python",
   "nbconvert_exporter": "python",
   "pygments_lexer": "ipython3",
   "version": "3.7.4"
  }
 },
 "nbformat": 4,
 "nbformat_minor": 2
}
